19 216 88 294 137 218 63 21 174 204 158 61 6 101 205 12 215 262 84 211
19 0 184 75 133 227 38 129 96 28 271 73 42 131 255 292 141 256 94 169
20 180 103 203 290 18 245 230 128 217 295 163 23 25 98 223 59 297 279 189 151
16 296 212 159 95 225 156 188 102 82 89 147 10 265 126 240 173
17 85 162 127 15 200 224 241 50 298 140 283 16 266 182 154 97 208
14 249 260 273 79 39 40 68 160 76 201 242 206 293 183
16 7 246 276 285 91 282 202 268 170 48 119 196 71 47 1 247
12 148 74 281 146 27 90 118 139 31 152 233 257
12 259 56 187 57 29 239 236 197 287 78 176 229
13 136 105 213 214 157 253 237 235 5 106 228 272 274
10 60 226 277 244 111 22 138 55 145 143
5 121 11 112 192 288
5 207 83 155 30 69
5 209 199 104 49 132
6 3 93 248 250 120 123
4 177 51 278 149
0 
0 
0 
0 
0 
0 
0 
0 
0 
0 
0 
0 
0 
0 
0 
0 
0 
0 
0 
0 
0 
0 
0 
0 
0 
0 
0 
0 
0 
0 
0 
0 
0 
0 
0 
0 
0 
0 
0 
0 
0 
0 
0 
0 
0 
0 
0 
0 
0 
0 
0 
0 
0 
0 
0 
0 
0 
0 
0 
0 
0 
0 
0 
0 
0 
0 
0 
0 
0 
0 
0 
0 
0 
0 
0 
0 
0 
0 
0 
0 
0 
0 
0 
0 
